0          0          0        
0          0          0        
0.039286    0.00596401  0.3013194 
0.09122066  0.02852187  0.51820873
0.14786918  0.06702578  0.67573224
0.20517907  0.11861889  0.79017185
0.26147234  0.18033703  0.87249788
0.3163541   0.24969407  0.93027604
0.37007975  0.32474751  0.96877135
0.42319265  0.40398624  0.99180812
0.47637958  0.48625677  1.00197933
0.52992981  0.56958419  0.99723396
0.58300682  0.65019754  0.97982288
0.6364453   0.72720621  0.94849134
0.69085553  0.79930227  0.90010831
0.74653957  0.86459197  0.82916125
0.80329554  0.92056384  0.72772401
0.85561488  0.96200721  0.61211515
0.89952495  0.98861051  0.47731761
0.93327471  1.00287206  0.32229911
0.95742957  1.0086996   0.15116797
0.97376136  1.00970435 -0.02828044
0.98427911  1.0084617  -0.20692564
0.9907673   1.00651501 -0.37605207
0.99462743  1.00464019 -0.5282143
0.99686408  1.0031332  -0.65759433
